6080.95886230418  1.0047875033873395 
6082.53404461652  1.0040156260841004 
6084.10922692886  1.0036085926313385 
6085.6844092412  1.003498318684238 
6087.25959155354  1.0036167199224921 
6088.8347738658795  1.0038957120462342 
6090.40995617822  1.004267210778681 
6091.98513849056  1.0046631318639112 
6093.5603208029  1.0050153910685593 
6095.13550311524  1.0052559041806501 
6096.71068542758  1.0053165870098653 
6098.28586773992  1.0051293553888623 
6099.86105005226  1.0046261251702122 
6101.4362323646  1.0037407071142235 
6103.01141467694  1.0025499584625814 
6104.58659698928  1.0013712195399045 
6106.161779301619  1.0005448770034493 
6107.73696161396  1.000411317531863 
6109.3121439262995  1.0013109278251326 
6110.88732623864  1.0035840946047438 
6112.46250855098  0.998937197727642 
6114.03769086332  0.9634294145581705 
6115.61287317566  0.9452776245883681 
6117.188055488  0.9718805094610349 
6118.76323780034  0.9565842653404862 
6120.33842011268  0.94809324213085 
6121.91360242502  0.9787004550282481 
6123.48878473736  1.0009070346960094 
6125.0639670497  1.0143439869848985 
6126.6391493620395  1.0107242110953547 
6128.21433167438  1.0073622851604256 
6129.78951398672  1.0031444867161816 
6131.36469629906  1.0035940698116392 
6132.9398786114  0.997742403927103 
6134.51506092374  0.997654436323096 
6136.09024323608  0.9977434869366419 
6137.66542554842  0.9972842317040844 
6139.24060786076  1.004664946836935 
6140.8157901731  1.0111776867062279 
6142.39097248544  1.0044027323655016 
6143.966154797779  1.0067131681844999 
6145.54133711012  1.004926175042879 
6147.1165194224595  0.9930333840443182 
6148.6917017348  0.9987346390323152 
6150.26688404714  1.0027724194084566 
6151.84206635948  0.9952461361145342 
6153.41724867182  0.9980934074475606 
6154.99243098416  1.0047824352753407 
6156.5676132965  1.0032756136737595 
6158.14279560884  1.001602183255083 
6159.71797792118  1.0062507960015135 
6161.29316023352  0.9987678545834044 
6162.86834254586  0.9965247787573543 
6164.443524858199  0.995594690206906 
6166.01870717054  0.9941496334139804 
6167.59388948288  0.9991657151738298 
6169.16907179522  1.0028405169757577 
6170.74425410756  0.9951372625106174 
6172.3194364199  0.9927395574538793 
6173.89461873224  1.0007308248455966 
6175.46980104458  1.0004009759482144 
6177.04498335692  0.9963155844057444 
6178.62016566926  0.9996784011900356 
6180.1953479816  1.0061664540272093 
6181.770530293939  0.995081900299966 
6183.34571260628  0.9948980168075661 
6184.9208949186195  0.9939224343477756 
6186.49607723096  0.9978673281593633 
6188.0712595433  1.0049881061815713 
6189.64644185564  1.000137697013565 
6191.22162416798  0.9932243196121434 
6192.79680648032  0.992527543438494 
6194.37198879266  0.99837843720933 
6195.947171105  1.0001665952442969 
6197.52235341734  0.9954892400894689 
6199.09753572968  1.000582328281471 
6200.67271804202  1.0070465734793237 
6202.247900354359  1.0062638690799321 
6203.8230826667  0.9985511380309596 
6205.39826497904  0.9958719026775137 
6206.97344729138  1.0006496629142707 
6208.54862960372  1.0013738702135868 
6210.12381191606  0.9972689733856026 
6211.6989942284  0.9976549982348919 
6213.27417654074  1.0015718368909068 
6214.84935885308  0.997558098111671 
6216.42454116542  0.9978889946220932 
6217.99972347776  1.0044855592930813 
6219.574905790099  1.0050906339580934 
6221.15008810244  1.000525863314823 
6222.7252704147795  0.9981481364654016 
6224.30045272712  0.9991531396207194 
6225.87563503946  0.9974633211747386 
6227.4508173518  0.9981759443537082 
6229.02599966414  1.0033694766507892 
6230.60118197648  0.9997773815312836 
6232.17636428882  1.0054617976704627 
6233.75154660116  1.0042514994124079 
6235.3267289135  0.9987451681185217 
6236.90191122584  0.9989578113080744 
6238.47709353818  1.0001540300012282 
6240.052275850519  1.0009988358528263 
6241.62745816286  1.0052950722554512 
6243.2026404752  1.0102486591843383 
6244.77782278754  1.0040793469708356 
6246.35300509988  0.9996514094327743 
6247.92818741222  0.9991450555719263 
6249.50336972456  1.003546819602412 
6251.0785520369  1.0106358055320932 
6252.65373434924  1.011255740507004 
6254.22891666158  1.0081500455448251 
6255.80409897392  1.004309813560672 
6257.379281286259  1.0029272229510313 
6258.9544635986  1.0051221939606345 
6260.5296459109395  1.0050356787605854 
6262.10482822328  1.0024966680775667 
6263.68001053562  0.9970008990424588 
6265.25519284796  1.0064746645373075 
6266.8303751603  1.0135247735175725 
6268.40555747264  1.0158751282509688 
6269.98073978498  1.017914642437871 
6271.55592209732  1.0132625033797324 
6273.13110440966  1.0206336731675185 
6274.706286722  1.0359825459040697 
6276.28146903434  1.0597947638420722 
6277.856651346679  1.0778455154937292 
6279.43183365902  1.0657532194083044 
6281.00701597136  1.0579566733876764 
6282.5821982837  1.0507513771072015 
6284.15738059604  1.046786087677464 
6285.73256290838  1.0443583855811152 
6287.30774522072  1.039437237078164 
6288.88292753306  1.0369759164479408 
6290.4581098454  1.0353874442402202 
6292.03329215774  1.0297671716553551 
6293.60847447008  1.033654431973441 
6295.18365678242  1.034708048903866 
6296.75883909476  1.0344076137970444 
6298.3340214070995  1.0387413650069328 
6299.9092037194405  1.0327316130894075 
6301.48438603178  1.0355704973204192 
6303.05956834412  1.0367600337484306 
6304.63475065646  1.0387285381117004 
6306.2099329688  1.0401676913509954 
6307.78511528114  1.0334090668242661 
6309.36029759348  1.0363997179658875 
6310.93547990582  1.027960105389735 
6312.51066221816  1.021556622458782 
6314.0858445305  1.0249483431389148 
6315.661026842839  1.0255703332228345 
6317.23620915518  1.0240999493776064 
6318.81139146752  1.0242073879032247 
6320.38657377986  1.0260717418222822 
6321.9617560922  1.0289332821790718 
6323.53693840454  1.0313974122653002 
6325.11212071688  1.0248087003646484 
6326.68730302922  1.0207795331348641 
6328.26248534156  1.0198073190838843 
6329.8376676539  1.0221181669215544 
6331.41284996624  1.0199431173611402 
6332.98803227858  1.019301277818375 
6334.56321459092  1.0335252279875633 
6336.1383969032595  1.0327997417762007 
6337.7135792156005  1.0313481549309385 
6339.28876152794  1.0284826797055198 
6340.86394384028  1.021032189460246 
6342.43912615262  1.0271689919573668 
6344.01430846496  1.0330577497337359 
6345.5894907773  1.0358980091687127 
6347.16467308964  1.0407816027993848 
6348.73985540198  1.041859884381205 
6350.31503771432  1.0336001033157436 
6351.89022002666  1.0326605368341624 
6353.465402338999  1.0276333685834926 
6355.04058465134  1.0203248602137358 
6356.61576696368  1.020888077913358 
6358.19094927602  1.0261264283937095 
6359.76613158836  1.0234277614980902 
6361.3413139007  1.0139527126092853 
6362.91649621304  1.0094610100513544 
6364.49167852538  1.0150308551476666 
6366.06686083772  1.017617369622141 
6367.64204315006  1.018343880983643 
6369.2172254624  1.0217194528017843 
6370.79240777474  1.0324812890989565 
6372.36759008708  1.0321606529243403 
6373.9427723994195  1.0222497960404235 
6375.5179547117605  1.0118225059846682 
6377.0931370241  1.0113150189700961 
6378.66831933644  1.0113520771416644 
6380.24350164878  1.0130013486303533 
6381.81868396112  1.0203977007520948 
6383.39386627346  1.0142379180078247 
6384.9690485858  1.0109460863824284 
6386.54423089814  1.008866614581191 
6388.11941321048  1.0043182844056469 
6389.69459552282  1.0063634746535721 
6391.269777835159  1.0064482204844074 
6392.8449601475  1.0020607762642015 
6394.42014245984  0.9985126873015363 
6395.99532477218  1.004279736734328 
6397.57050708452  1.0063519824827563 
6399.14568939686  1.0074737672530862 
6400.7208717092  1.0120301086831898 
6402.29605402154  1.0132199980592405 
6403.87123633388  1.0122595943009487 
6405.44641864622  1.0061951387263923 
6407.02160095856  1.000628470735948 
6408.5967832709  1.0022625367293958 
6410.17196558324  1.010315978207325 
6411.7471478955795  1.0136024063035483 
6413.3223302079205  1.0050755416138961 
6414.89751252026  0.9984095542783273 
6416.4726948326  1.0007124797469664 
6418.04787714494  1.0034881468077708 
6419.62305945728  1.003578644346439 
6421.19824176962  1.0003481030681256 
6422.77342408196  1.0007738637492283 
6424.3486063943  1.0022693941557788 
6425.92378870664  1.0027586065340828 
6427.49897101898  1.000841364354689 
6429.074153331319  0.9947275927181307 
6430.64933564366  0.9938475868982758 
6432.2245179559995  1.0077493723247064 
6433.79970026834  1.009856566665214 
6435.37488258068  1.0022389275439794 
6436.95006489302  1.0005425445626626 
6438.52524720536  0.9972260277002811 
6440.1004295177  0.9950818412200393 
6441.67561183004  0.9998919292686451 
6443.25079414238  1.0086417824074836 
6444.82597645472  1.0024588930064477 
6446.40115876706  0.9941486825901702 
6447.9763410794  0.9935276723787658 
6449.5515233917395  0.9970052286824943 
6451.12670570408  1.0 
6452.70188801642  1.0 
6454.27707032876  1.0 
6455.8522526411  1.0 
6457.42743495344  1.0 
6459.00261726578  1.0 
6460.57779957812  1.0 
6462.15298189046  1.0 
6463.7281642028  1.0 
6465.30334651514  1.0 
6466.878528827479  1.0 
6468.45371113982  1.0 
6470.0288934521595  1.0 
6471.6040757645  1.0 
6473.17925807684  1.0 
6474.75444038918  1.0 
6476.32962270152  1.0 
6477.90480501386  1.0 
6479.4799873262  1.0 
6481.05516963854  1.0 
6482.63035195088  1.0 
6484.20553426322  1.0 
6485.78071657556  1.0 
6487.3558988878995  1.0 
6488.93108120024  1.0 
6490.50626351258  1.0 
6492.08144582492  1.0 
6493.65662813726  1.0 
6495.2318104496  1.0 
6496.80699276194  1.0 
6498.38217507428  1.0 
6499.95735738662  1.0 
6501.53253969896  1.0 
6503.1077220113  1.0 
6504.682904323639  1.0 
6506.25808663598  1.0 
6507.8332689483195  1.0 
6509.40845126066  1.0 
6510.983633573  1.0 
6512.55881588534  1.0 
6514.13399819768  1.0 
6515.70918051002  1.0 
6517.28436282236  1.0 
6518.8595451347  1.0 
6520.43472744704  1.0 
6522.00990975938  1.0 
6523.58509207172  1.0 
6525.160274384059  1.0 
6526.7354566964  1.0 
6528.31063900874  1.0 
6529.88582132108  1.0 
6531.46100363342  1.0 
6533.03618594576  1.0 
6534.6113682581  1.0 
6536.18655057044  1.0 
6537.76173288278  1.0 
6539.33691519512  1.0 
6540.91209750746  1.0 
6542.487279819799  1.0 
6544.06246213214  1.0 
6545.6376444444795  1.0 
6547.21282675682  1.0 
6548.78800906916  1.0 
6550.3631913815  1.0 
6551.93837369384  1.0 
6553.51355600618  1.0 
6555.08873831852  1.0 
6556.66392063086  1.0 
6558.2391029432  1.0 
6559.81428525554  1.0 
6561.38946756788  1.0 
6562.964649880219  1.0 
6564.53983219256  1.0 
6566.1150145049  1.0 
6567.69019681724  1.0 
6569.26537912958  1.0 
6570.84056144192  1.0 
6572.41574375426  1.0 
6573.9909260666  1.0 
6575.56610837894  1.0 
6577.14129069128  1.0 
6578.71647300362  1.0 
6580.291655315959  1.0 
6581.8668376283  1.0 
6583.4420199406395  1.0 
6585.01720225298  1.0 
6586.59238456532  1.0 
6588.16756687766  1.0 
6589.74274919  1.0 
6591.31793150234  1.0 
6592.89311381468  1.0 
6594.46829612702  1.0 
6596.04347843936  1.0 
6597.6186607517  1.0 
6599.19384306404  1.0 
6600.769025376379  1.0 
6602.34420768872  1.0 
6603.91939000106  1.0 
6605.4945723134  1.0 
6607.06975462574  1.0 
6608.64493693808  1.0 
6610.22011925042  1.0 
6611.79530156276  1.0 
6613.3704838751  1.0 
6614.94566618744  1.0 
6616.52084849978  1.0 
6618.096030812119  1.0 
6619.67121312446  1.0 
6621.2463954367995  1.0 
6622.82157774914  1.0 
6624.39676006148  1.0 
6625.97194237382  1.0 
6627.54712468616  1.0 
6629.1223069985  1.0 
6630.69748931084  1.0 
6632.27267162318  1.0 
6633.84785393552  1.0 
6635.42303624786  1.0 
6636.9982185602  1.0 
6638.573400872539  1.0 
6640.14858318488  1.0 
6641.72376549722  1.0 
6643.29894780956  1.0 
6644.8741301219  1.0 
6646.44931243424  1.0 
6648.02449474658  1.0 
6649.59967705892  1.0 
6651.17485937126  1.0 
6652.7500416836  1.0 
6654.32522399594  1.0 
6655.900406308279  1.0 
6657.47558862062  1.0 
6659.0507709329595  1.0 
6660.6259532453  1.0 
6662.20113555764  1.0 
6663.77631786998  1.0 
6665.35150018232  1.0 
6666.92668249466  1.0 
6668.501864807  1.0 
6670.07704711934  1.0 
6671.65222943168  1.0 
6673.22741174402  1.0 
6674.80259405636  1.0 
6676.377776368699  1.0 
6677.95295868104  1.0 
6679.52814099338  1.0 
6681.10332330572  1.0 
6682.67850561806  1.0 
6684.2536879304  1.0 
6685.82887024274  1.0 
6687.40405255508  1.0 
6688.97923486742  1.0 
6690.55441717976  1.0 
6692.1295994921  1.0 
6693.70478180444  1.0 
6695.27996411678  1.0 
6696.8551464291195  1.0 
6698.43032874146  1.0 
6700.0055110538  1.0 
6701.58069336614  1.0 
6703.15587567848  1.0 
6704.73105799082  1.0 
6706.30624030316  1.0 
6707.8814226155  1.0 
6709.45660492784  1.0 
6711.03178724018  1.0 
6712.60696955252  1.0 
6714.182151864859  1.0 
6715.7573341772  1.0 
6717.33251648954  1.0 
6718.90769880188  1.0 
6720.48288111422  1.0 
6722.05806342656  1.0 
6723.6332457389  1.0 
6725.20842805124  1.0 
6726.78361036358  1.0 
6728.35879267592  1.0 
6729.93397498826  1.0 
6731.5091573006  1.0 
6733.08433961294  1.0 
6734.6595219252795  1.0 
6736.23470423762  1.0 
6737.80988654996  1.0 
6739.3850688623  1.0 
6740.96025117464  1.0 
6742.53543348698  1.0 
6744.11061579932  1.0 
6745.68579811166  1.0 
6747.260980424  1.0 
6748.83616273634  1.0 
6750.41134504868  0.9916154520570154 
6751.986527361019  0.989800870050712 
6753.56170967336  0.9917224936160688 
6755.1368919857  0.9947426017258376 
6756.71207429804  0.9942189835904482 
6758.28725661038  0.9942838006829376 
6759.86243892272  0.9928462846152519 
6761.43762123506  0.9921292781430111 
6763.0128035474  0.9967869414007497 
6764.58798585974  0.9965276580108617 
6766.16316817208  0.9893298534235607 
6767.73835048442  0.9854553894531093 
6769.31353279676  0.9931605462077625 
6770.8887151091  1.0005977419279892 
6772.4638974214395  0.9969461242062122 
6774.0390797337795  0.9858106501893313 
6775.61426204612  0.9903284252403899 
6777.18944435846  0.9999844496240198 
6778.7646266708  0.995511135846197 
6780.33980898314  0.9926241105916164 
6781.91499129548  0.9916160416504157 
6783.49017360782  0.9989769610532958 
6785.06535592016  1.002413031382461 
6786.6405382325  0.9967993652283107 
6788.21572054484  0.9935891910039012 
6789.79090285718  1.0002219040196378 
6791.36608516952  0.9952522785235066 
6792.9412674818595  0.9894882598830607 
6794.5164497942  0.9965078430978813 
6796.09163210654  0.9990319914371175 
6797.66681441888  0.9970580555075204 
6799.24199673122  0.998425615522946 
6800.81717904356  0.997446893247205 
6802.3923613559  0.996573180658219 
6803.96754366824  0.9947122558902455 
6805.54272598058  1.002306090413933 
6807.11790829292  1.0068832300224329 
6808.69309060526  0.9944024936414051 
6810.2682729175995  0.9904484049485573 
6811.8434552299395  0.9958397193596282 
6813.41863754228  0.9979403259458 
6814.99381985462  0.9961836314254165 
6816.56900216696  0.9978073962079266 
6818.1441844793  0.9976354331775816 
6819.71936679164  0.9979771407403955 
6821.29454910398  1.00065008873383 
6822.86973141632  1.0006649825251241 
6824.44491372866  0.9959299872703631 
6826.020096041  0.9897084846095274 
6827.59527835334  0.9900118728462027 
6829.17046066568  0.9997717242108813 
6830.7456429780195  1.006587319644104 
6832.32082529036  1.0041570413494978 
6833.8960076027  0.9990607020072431 
6835.47118991504  0.9941664593690653 
6837.04637222738  0.9974557805395058 
6838.62155453972  0.9980419113493489 
6840.19673685206  0.9960616004008185 
6841.7719191644  0.9965269621539207 
6843.34710147674  0.9972952457550546 
6844.92228378908  1.0008947523188547 
6846.49746610142  0.9948646769210275 
6848.072648413759  0.9954615429841657 
6849.6478307260995  1.0048153528963395 
6851.22301303844  0.9975000348213774 
6852.79819535078  0.9851109965723029 
6854.37337766312  0.9882212195493998 
6855.94855997546  0.992192362865207 
6857.5237422878  0.9878989569509985 
6859.09892460014  0.9906317519879959 
6860.67410691248  0.9984866045327344 
6862.24928922482  1.0045363334884596 
6863.82447153716  1.0274346185558547 
6865.3996538495  1.09391311979936 
6866.97483616184  1.2363460484367392 
6868.5500184741795  1.4080638072255585 
6870.12520078652  1.4677064345863662 
6871.70038309886  1.4322282877280261 
6873.2755654112  1.3604348570136067 
6874.85074772354  1.2871134744506065 
6876.42593003588  1.229268925121284 
6878.00111234822  1.1605990940485147 
6879.57629466056  1.102505204501017 
6881.1514769729  1.0651406711313238 
6882.72665928524  1.0592037789032913 
6884.30184159758  1.084444107313597 
6885.877023909919  1.113169592886047 
6887.4522062222595  1.1349719798148414 
6889.0273885346  1.1411142495580808 
6890.60257084694  1.1387010896915408 
6892.17775315928  1.1447611768614379 
6893.75293547162  1.141060691169412 
6895.32811778396  1.1277465729250526 
6896.9033000963  1.1180705237853394 
6898.47848240864  1.1100755941970593 
6900.05366472098  1.100689569238219 
6901.62884703332  1.0885607151878676 
6903.20402934566  1.0840691446351616 
6904.779211658  1.076947176765333 
6906.3543939703395  1.0724556498538933 
6907.92957628268  1.0641577456365723 
6909.50475859502  1.0533550489572627 
6911.07994090736  1.0464927363376035 
6912.6551232197  1.0419823872538336 
6914.23030553204  1.0330443005366599 
6915.80548784438  1.0300803345564755 
6917.38067015672  1.0325170235074257 
6918.95585246906  1.0322889103840776 
6920.5310347814  1.0174974366457283 
6922.10621709374  1.0214313540370739 
6923.681399406079  1.0278333779142776 
6925.2565817184195  1.0247671445359559 
6926.83176403076  1.0194179314729388 
6928.4069463431  1.0301946758136817 
6929.98212865544  1.0372121377971808 
6931.55731096778  1.0306269588565533 
6933.13249328012  1.0183156426631363 
6934.70767559246  1.0161076863797442 
6936.2828579048  1.0154268024690367 
6937.85804021714  1.021288871175722 
6939.43322252948  1.0373770249722771 
6941.00840484182  1.0396584653777359 
6942.58358715416  1.0300999075061117 
6944.1587694664995  1.017126388910392 
6945.73395177884  1.0160765540368333 
6947.30913409118  1.0210345388001674 
6948.88431640352  1.0201617818877393 
6950.45949871586  1.0118745976369474 
6952.0346810282  1.0063346358671301 
6953.60986334054  1.0103886017061103 
6955.18504565288  1.0155814356952688 
6956.76022796522  1.02006870822036 
6958.33541027756  1.015060125571984 
6959.9105925899  1.0075922078807662 
6961.485774902239  0.9976900462508532 
6963.0609572145795  0.9865349021548292 
6964.63613952692  0.9878238399629475 
6966.21132183926  0.9781101029057324 
6967.7865041516  0.970152732316594 
6969.36168646394  0.9782411952393093 
6970.93686877628  0.9913496431303228 
6972.51205108862  0.9883470575692697 
6974.08723340096  0.9818899640086891 
6975.6624157133  0.9828740878324873 
6977.23759802564  0.9836061476777137 
6978.81278033798  0.9839524019466025 
6980.38796265032  0.9863972235191834 
6981.9631449626595  0.9872458939713652 
6983.538327275  0.9878702278256524 
6985.11350958734  0.9906275101287197 
6986.68869189968  1.0053294726725381 
6988.26387421202  1.012526078057211 
6989.83905652436  1.0130591967603029 
6991.4142388367  1.013588543119503 
6992.98942114904  1.0141061348820515 
6994.56460346138  1.0096347277594098 
6996.13978577372  1.0025918810114813 
6997.71496808606  1.007169078885369 
6999.290150398399  1.0106331892313871 
7000.86533271074  1.006833359118719 
7002.44051502308  1.011221619256539 
7004.01569733542  1.0243765612006945 
7005.59087964776  1.0242681076626585 
7007.1660619601  1.013634439373823 
7008.74124427244  1.0083876228051325 
7010.31642658478  1.0051201734857889 
7011.89160889712  1.001203991621357 
7013.46679120946  1.0049043455869204 
7015.0419735218  1.0165529307562409 
7016.61715583414  1.0171692090474589 
7018.19233814648  1.0064919109362025 
7019.7675204588195  1.00275443990695 
7021.34270277116  1.0038341968193103 
7022.9178850835  1.0080974733618084 
7024.49306739584  1.011759583249091 
7026.06824970818  1.026966735628791 
7027.64343202052  1.0223735882649698 
7029.21861433286  1.013107717447081 
7030.7937966452  1.002195093818143 
7032.36897895754  1.0015971172907319 
7033.94416126988  0.997559354914066 
7035.51934358222  0.9953853842720876 
7037.094525894559  1.0110943390679754 
7038.6697082069  1.0192472759168822 
7040.24489051924  1.008196754150236 
7041.82007283158  1.0007450187698994 
7043.39525514392  0.9976642817443192 
7044.97043745626  0.9966816301458532 
7046.5456197686  0.9966705677655265 
7048.12080208094  0.9935495169870613 
7049.69598439328  1.0005223521691369 
7051.27116670562  1.009252633119917 
7052.84634901796  1.0127148223945157 
7054.4215313303  1.0082844956980943 
7055.99671364264  1.0011396235400416 
7057.5718959549795  1.004030572481587 
7059.14707826732  1.001466044225512 
7060.72226057966  1.0035541792132412 
7062.297442892  1.0228063823284874 
7063.87262520434  1.0505971986760552 
7065.44780751668  1.06568531720909 
7067.02298982902  1.0494075832487286 
7068.59817214136  1.0137097400855615 
7070.1733544537  0.9954518565362649 
7071.74853676604  0.9986238684491748 
7073.32371907838  1.000752760410306 
7074.898901390719  0.997016457396764 
7076.47408370306  1.000147365103174 
7078.0492660154  1.0042696092331924 
7079.62444832774  1.0010550833799976 
7081.19963064008  0.9925282122104632 
7082.77481295242  0.992726070917396 
7084.34999526476  0.9948391507822419 
7085.9251775771  1.0011325513656328 
7087.50035988944  0.9988554782907875 
7089.07554220178  1.0002312449804558 
7090.65072451412  0.9977227631736878 
7092.22590682646  0.9918512927248376 
7093.8010891388  0.9927838629526768 
7095.3762714511395  0.9958146828939701 
7096.95145376348  0.9979177063142729 
7098.52663607582  1.001878208358523 
7100.10181838816  1.0090302073919366 
7101.6770007005  1.0044389826522637 
7103.25218301284  0.991725061471111 
7104.82736532518  0.9874689810825725 
7106.40254763752  0.9944593262109985 
7107.97772994986  0.997336142513937 
7109.5529122622  0.9951426992383383 
7111.12809457454  0.9949421440427747 
7112.703276886879  0.9983175407064401 
7114.27845919922  1.0010126489833997 
7115.8536415115595  1.0020170861337334 
7117.4288238239  1.00158611487527 
7119.00400613624  1.002796683565295 
7120.57918844858  0.9941553003644892 
7122.15437076092  0.9890086065407302 
7123.72955307326  0.9927189887450857 
7125.3047353856  0.9973643239663039 
7126.87991769794  0.9908399328228247 
7128.45510001028  0.9908981371890366 
7130.03028232262  1.001683686126038 
7131.60546463496  1.0050766018009796 
7133.1806469472995  0.9997610873221271 
7134.7558292596395  0.9939649880504962 
7136.33101157198  0.9957236485290476 
7137.90619388432  0.9954256163731017 
7139.48137619666  0.9965465439633994 
7141.056558509  0.9977794125725759 
7142.63174082134  0.998714132873228 
7144.20692313368  0.9977996271242057 
7145.78210544602  1.0007403031336173 
7147.35728775836  1.0023744492842954 
7148.9324700707  1.0060179250379522 
7150.507652383039  1.0047446902383455 
7152.08283469538  0.9991383540691441 
7153.6580170077195  0.9956283757113481 
7155.23319932006  0.9986138249499544 
7156.8083816324  1.0089948399944624 
7158.38356394474  1.0108259366567838 
7159.95874625708  1.0061379441532559 
7161.53392856942  1.0127335480057795 
7163.10911088176  1.0193650064669593 
7164.6842931941  1.031782248540614 
7166.25947550644  1.0656783651707784 
7167.83465781878  1.0904494065416477 
7169.40984013112  1.102557305903752 
7170.9850224434595  1.1149834963764693 
7172.5602047557995  1.1336591058450924 
7174.13538706814  1.1418435863850611 
7175.71056938048  1.1479242444752609 
7177.28575169282  1.1425108303214953 
7178.86093400516  1.1263542357470169 
7180.4361163175  1.112116271524308 
7182.01129862984  1.123908958831875 
7183.58648094218  1.1753606841046835 
7185.16166325452  1.2274100787448394 
7186.73684556686  1.225145270797232 
7188.3120278792  1.1654807994046232 
7189.88721019154  1.1311712677178136 
7191.4623925038795  1.1624031850730685 
7193.03757481622  1.190161959782956 
7194.61275712856  1.1535871871181624 
7196.1879394409  1.1215095868190463 
7197.76312175324  1.1376046767067391 
7199.33830406558  1.1730388611676974 
7200.91348637792  1.179346944497148 
7202.48866869026  1.1565292141617496 
7204.0638510026  1.145261064177515 
7205.63903331494  1.1318148599909985 
7207.21421562728  1.0920380311456288 
7208.789397939619  1.0632311467653093 
7210.3645802519595  1.0408186418788297 
7211.9397625643  1.0195691757874699 
7213.51494487664  1.0163948742250888 
7215.09012718898  1.021272480859172 
7216.66530950132  1.0261557193408 
7218.24049181366  1.0176323067284543 
7219.815674126  1.0010987015972461 
7221.39085643834  1.014322836372838 
7222.96603875068  1.0351334996449972 
7224.54122106302  1.0413230469501527 
7226.11640337536  1.0334088741345837 
7227.6915856877  1.032180634639096 
7229.2667680000395  1.0419887236539107 
7230.84195031238  1.0759094181006719 
7232.41713262472  1.1351541998685701 
7233.99231493706  1.176830709425082 
7235.5674972494  1.155462568302839 
7237.14267956174  1.113016703015955 
7238.71786187408  1.1078478211522496 
7240.29304418642  1.1250386693607302 
7241.86822649876  1.1328167574771626 
7243.4434088111  1.1362949783322922 
7245.01859112344  1.112141075654357 
7246.593773435779  1.0792443856450795 
7248.1689557481195  1.0757054623155826 
7249.74413806046  1.090369403932815 
7251.3193203728  1.126738407847127 
7252.89450268514  1.1433535439018843 
7254.46968499748  1.112226073859447 
7256.04486730982  1.0798845613913173 
7257.62004962216  1.0645652821378007 
7259.1952319345  1.0676646013005902 
7260.77041424684  1.0698204388737895 
7262.34559655918  1.0911441258580583 
7263.92077887152  1.1182456214126313 
7265.49596118386  1.113367499597145 
7267.0711434961995  1.0732665479699686 
7268.64632580854  1.0428922405641183 
7270.22150812088  1.0547591058795436 
7271.79669043322  1.0803388196055055 
7273.37187274556  1.1148144882287012 
7274.9470550579  1.1492048093123761 
7276.52223737024  1.1668298991518369 
7278.09741968258  1.1358608039152427 
7279.67260199492  1.1085160058177916 
7281.24778430726  1.0875908269988053 
7282.8229666196  1.0575484709322285 
7284.398148931939  1.0359811100790206 
7285.9733312442795  1.0452806458557742 
7287.54851355662  1.0788413104789407 
7289.12369586896  1.1118958069993314 
7290.6988781813  1.1193890778455369 
7292.27406049364  1.1088967140358634 
7293.84924280598  1.090936961492763 
7295.42442511832  1.0625244457207066 
7296.99960743066  1.0405703593591649 
7298.574789743  1.0410460317780377 
7300.14997205534  1.060333052988159 
7301.72515436768  1.0936715983641754 
7303.30033668002  1.113805205698231 
7304.8755189923595  1.0901595809321736 
7306.4507013047  1.05721181528603 
7308.02588361704  1.0582679630474243 
7309.60106592938  1.0656588548905412 
7311.17624824172  1.0736422598762116 
7312.75143055406  1.069134117353058 
7314.3266128664  1.0589543186173305 
7315.90179517874  1.0635863594986266 
7317.47697749108  1.0720455047857385 
7319.05215980342  1.0569630888942916 
7320.62734211576  1.0329230268570901 
7322.202524428099  1.0179320902004199 
7323.7777067404395  1.0206040418551507 
7325.35288905278  1.0248731777039501 
7326.92807136512  1.022935917737536 
7328.50325367746  1.0160945070664635 
7330.0784359898  1.0204163306772054 
7331.65361830214  1.0294607161864473 
7333.22880061448  1.041246193029841 
7334.80398292682  1.0376683745497532 
7336.37916523916  1.014028625379805 
7337.9543475515  0.990282432437894 
7339.52952986384  0.9932930608410041 
7341.10471217618  1.0053243035901436 
7342.6798944885195  1.0078202040750428 
7344.25507680086  1.018517032514517 
7345.8302591132  1.0208003644766594 
7347.40544142554  1.0179555624260344 
7348.98062373788  1.0185693001362788 
7350.55580605022  1.0168958846620326 
7352.13098836256  1.0130211102678444 
7353.7061706749  1.0139684300115648 
7355.28135298724  1.0111353111895354 
7356.85653529958  1.0119762483998151 
7358.43171761192  1.0135946767861739 
7360.006899924259  1.0159063770739811 
7361.5820822365995  1.015738538278667 
7363.15726454894  1.0179863700485925 
7364.73244686128  1.0201215381148896 
7366.30762917362  1.0227751106217202 
7367.88281148596  1.021129576771025 
7369.4579937983  1.0209188797203923 
7371.03317611064  1.0143096795821736 
7372.60835842298  1.0036511868275984 
7374.18354073532  1.0037722212873654 
7375.75872304766  1.000509819240599 
7377.33390536  1.0098950528571904 
7378.90908767234  1.0144399234727295 
7380.4842699846795  1.0090765234989965 
7382.05945229702  1.0183116304346533 
7383.63463460936  1.0261444726529054 
7385.2098169217  1.0141875992644107 
7386.78499923404  1.0016454758983413 
7388.36018154638  1.004024846715261 
7389.93536385872  1.0139357064871595 
7391.51054617106  1.0106315639413184 
7393.0857284834  1.0030405056219749 
7394.66091079574  1.0097801613268098 
7396.23609310808  1.011042684053878 
7397.811275420419  1.0064121599105087 
7399.3864577327595  1.008245588120894 
7400.9616400451  1.0055957872788939 
7402.53682235744  1.0022045501375956 
7404.11200466978  0.998793313478348 
7405.68718698212  0.9995832294242982 
7407.26236929446  1.0087687429943164 
7408.8375516068  1.009189225844221 
7410.41273391914  1.0005152469055292 
7411.98791623148  0.9979747326597699 
7413.56309854382  1.0011489482602678 
7415.13828085616  1.005039033891514 
7416.7134631685  1.0039164731475139 
7418.2886454808395  1.0042457835644405 
7419.86382779318  1.0084966920641605 
7421.43901010552  1.0074654494852433 
7423.01419241786  1.0041390485708346 
7424.5893747302  1.0050792319081625 
7426.16455704254  1.0049269911200855 
7427.73973935488  1.0025214253693533 
7429.31492166722  0.9997163722019494 
7430.89010397956  1.0018266818493027 
7432.4652862919  1.0021479963620126 
7434.04046860424  1.001378920877336 
7435.615650916579  1.006462475852371 
7437.1908332289195  1.009929154701726 
7438.76601554126  1.0048898359494962 
7440.3411978536  1.0059564698722676 
7441.91638016594  1.0028163272468673 
7443.49156247828  0.9975553878091605 
7445.06674479062  0.9984775642646149 
7446.64192710296  0.9982832670278213 
7448.2171094153  0.9998381953195042 
7449.79229172764  1.0008284287843086 
7451.36747403998  1.0006196605900182 
7452.94265635232  1.0009330666008802 
7454.51783866466  1.0013661876686297 
7456.0930209769995  1.0038308844925965 
7457.6682032893395  1.0040002232375072 
7459.24338560168  1.0001807486122585 
7460.81856791402  1.002723919797274 
7462.39375022636  1.006880609602727 
7463.9689325387  1.004762980689328 
7465.54411485104  1.000781425883442 
7467.11929716338  0.9985032326844547 
7468.69447947572  1.0025800728257754 
7470.26966178806  1.0036310338486787 
7471.8448441004  1.0029659883700481 
7473.42002641274  1.0026161658806272 
7474.9952087250795  1.0012361208444263 
7476.5703910374195  0.9994300123268701 
7478.14557334976  0.9999752885919421 
7479.7207556621  1.004140334323352 
7481.29593797444  1.004280837068041 
7482.87112028678  1.0014343097762122 
7484.44630259912  1.0041811094897188 
7486.02148491146  1.0006727978935106 
7487.5966672238  1.0001205412339143 
7489.17184953614  1.0030745425390202 
7490.74703184848  1.0027821374144357 
7492.32221416082  1.0048162998265366 
7493.8973964731595  1.0059622538270698 
7495.4725787854995  0.9975747053030458 
7497.04776109784  1.001688310208625 
7498.62294341018  1.0088684886801367 
7500.19812572252  1.000062998398984 
7501.77330803486  0.9977969556518661 
7503.3484903472  0.9990188675203535 
7504.92367265954  0.998863844794966 
7506.49885497188  0.9998734808209299 
7508.07403728422  1.0011092963252026 
7509.64921959656  1.0071678162155329 
7511.2244019089  1.004419781325557 
7512.7995842212395  0.9926881205410754 
7514.3747665335795  0.9932246533917796 
7515.94994884592  1.0006494979061349 
7517.52513115826  0.9976285360994995 
7519.1003134706  0.9970107392958615 
7520.67549578294  0.9949832168117622 
7522.25067809528  1.001723542164365 
7523.82586040762  1.0084412495023696 
7525.40104271996  1.0035462187511963 
7526.9762250323  0.9967422338026076 
7528.55140734464  0.9973605525979589 
7530.12658965698  0.9981746253052318 
7531.701771969319  0.9977700311969357 
7533.2769542816595  1.0023422465153085 
7534.852136594  1.0067039438909051 
7536.42731890634  0.9975465790413862 
7538.00250121868  1.0013466155472461 
7539.57768353102  1.006099443476848 
7541.15286584336  1.0045012236295234 
7542.7280481557  0.9959899362024552 
7544.30323046804  0.9961729226619511 
7545.87841278038  1.0056237213379153 
7547.45359509272  1.0054031311773928 
7549.02877740506  0.9980275605106319 
7550.603959717399  1.0014749203463116 
7552.1791420297395  1.0024217091827232 
7553.75432434208  0.9957202950864795 
7555.32950665442  0.9940923198423887 
7556.90468896676  0.9910246977529799 
7558.4798712791  0.9952805061556435 
7560.05505359144  1.00070163411094 
7561.63023590378  0.9970553446292604 
7563.20541821612  0.9994379559852514 
7564.78060052846  1.0007071779528747 
7566.3557828408  0.9945366202131162 
7567.93096515314  0.9888522744235911 
7569.506147465479  0.9922899689613958 
7571.0813297778195  0.9961633065778687 
7572.65651209016  0.9990688612396668 
7574.2316944025  0.9973777126879048 
7575.80687671484  1.0045905366799814 
7577.38205902718  1.0039009422930958 
7578.95724133952  0.9963271350323321 
7580.53242365186  0.9982766304678197 
7582.1076059642  1.0039610033845638 
7583.68278827654  1.0041483198594976 
7585.25797058888  1.0030897453481225 
7586.83315290122  1.0117892470546033 
7588.408335213559  1.0189065166583597 
7589.9835175258995  1.0369855574309403 
7591.55869983824  1.108935097940323 
7593.13388215058  1.3318389945196025 
7594.70906446292  1.7959117231136004 
7596.28424677526  2.383471990254075 
7597.8594290876  2.841458083519398 
7599.43461139994  3.302542762069194 
7601.00979371228  3.9488959019116994 
7602.58497602462  4.558945236323123 
7604.16015833696  4.8169403876543155 
7605.7353406493  4.729599028299088 
7607.310522961639  4.323175819374633 
7608.8857052739795  3.781090226251407 
7610.46088758632  3.206209332803475 
7612.03606989866  2.6727146475148755 
7613.611252211  2.200374560249781 
7615.18643452334  1.7597027527295328 
7616.76161683568  1.4135470568968185 
7618.33679914802  1.2650264671612037 
7619.91198146036  1.323173951011708 
7621.4871637727  1.553451607990153 
7623.06234608504  1.8214139428602556 
7624.63752839738  1.9747775145957434 
7626.212710709719  2.054824040596156 
7627.7878930220595  2.0955504688317355 
7629.3630753344  2.0807666960164144 
7630.93825764674  2.0943618399193795 
7632.51343995908  2.032084250788494 
7634.08862227142  1.9863943141184697 
7635.66380458376  1.9609808713174162 
7637.2389868961  1.855497733532349 
7638.81416920844  1.8308946496833785 
7640.38935152078  1.7870107102237074 
7641.96453383312  1.6944885960617004 
7643.53971614546  1.673556978441377 
7645.114898457799  1.631782915578 
7646.6900807701395  1.5146060638229442 
7648.26526308248  1.5164929677731456 
7649.84044539482  1.5050594137396187 
7651.41562770716  1.3781242856807356 
7652.9908100195  1.3667251403342486 
7654.56599233184  1.3880887751125772 
7656.14117464418  1.2972075301914958 
7657.71635695652  1.2468355055944906 
7659.29153926886  1.2708325990289382 
7660.8667215812  1.2301451915240584 
7662.44190389354  1.161328962840672 
7664.017086205879  1.1820266720189936 
7665.5922685182195  1.2026091743222151 
7667.16745083056  1.1488453608954832 
7668.7426331429  1.1115358153939305 
7670.31781545524  1.1356428397804796 
7671.89299776758  1.1292891291092846 
7673.46818007992  1.0826366473850626 
7675.04336239226  1.0742745242966816 
7676.6185447046  1.087746358935031 
7678.19372701694  1.0748525985915918 
7679.76890932928  1.0559804497086047 
7681.34409164162  1.05822841601396 
7682.919273953959  1.069051980538946 
7684.4944562662995  1.052975451728322 
7686.06963857864  1.028983008867703 
7687.64482089098  1.0300896259342283 
7689.22000320332  1.0444302453726295 
7690.79518551566  1.0417698717537185 
7692.370367828  1.0250154979565422 
7693.94555014034  1.0234600153368816 
7695.52073245268  1.0256304894628427 
7697.09591476502  1.0283052479460937 
7698.67109707736  1.020878247119491 
7700.2462793897  1.0130095997765804 
7701.82146170204  1.0160463546611525 
7703.3966440143795  1.0160810295487013 
7704.97182632672  1.0129974500413645 
7706.54700863906  1.0042463688210548 
7708.1221909514  1.000491347459924 
7709.69737326374  1.0068549875943937 
7711.27255557608  1.0074196316463067 
7712.84773788842  1.0035410357941639 
7714.42292020076  1.0035231546668204 
7715.9981025131  0.9951237449295125 
7717.57328482544  0.98844108736122 
7719.14846713778  0.991107950440182 
7720.72364945012  0.9962760187445847 
7722.2988317624595  0.9928518484841306 
7723.8740140748  0.9913539039139067 
7725.44919638714  0.9906151408159899 
7727.02437869948  0.992867665157611 
7728.59956101182  0.9928655860094131 
7730.17474332416  0.9998189685082046 
7731.7499256365  1.0084745418347436 
7733.32510794884  1.007037798515406 
7734.90029026118  0.996385638525975 
7736.47547257352  0.9894348223150773 
7738.05065488586  0.9851434361588594 
7739.6258371982  0.9861159820338022 
7741.2010195105395  0.9912427452147659 
7742.77620182288  0.9973612065116136 
7744.35138413522  0.9950595143636166 
7745.92656644756  0.9922521762983866 
7747.5017487599  0.9938101137489508 
7749.07693107224  0.9948456968378658 
7750.65211338458  0.998193259749946 
7752.22729569692  0.9952674029892409 
7753.80247800926  0.9889998730311271 
7755.3776603216  0.9925856293436087 
7756.95284263394  1.0011688610882088 
7758.52802494628  0.997581618369525 
7760.1032072586195  0.9921407834886292 
7761.67838957096  0.9887390868602599 
7763.2535718833  0.9899648098090758 
7764.82875419564  0.9951165909594215 
7766.40393650798  0.9909051678490961 
7767.97911882032  0.9861832693308737 
7769.55430113266  0.9901516728480243 
7771.129483445  1.011452462011859 
7772.70466575734  1.04395730825638 
7774.27984806968  1.0563339149366433 
7775.85503038202  1.037804729775318 
7777.43021269436  1.012110946290908 
7779.0053950066995  0.9964608603145911 
7780.58057731904  0.994722551581916 
7782.15575963138  0.9970468929183224 
7783.73094194372  0.9927747836730898 
7785.30612425606  0.990667001624629 
7786.8813065684  0.9932188177031703 
7788.45648888074  0.9949426994526221 
7790.03167119308  0.997362357820653 
7791.60685350542  0.994199283941232 
7793.18203581776  0.9886917480007889 
7794.7572181301  0.9899152104523277 
7796.33240044244  0.9896925324854686 
7797.9075827547795  0.9890733170531512 
7799.4827650671195  0.9882803835047869 
7801.05794737946  0.9908824636582158 
7802.6331296918  0.9945036330867036 
7804.20831200414  0.9943262856668844 
7805.78349431648  0.994524364582618 
7807.35867662882  0.9900366977236894 
7808.93385894116  0.9935811017785849 
7810.5090412535  0.9940669636930315 
7812.08422356584  0.9883054195099358 
7813.65940587818  0.9892217617978009 
7815.23458819052  0.9965743721464693 
7816.8097705028595  0.9981820627915319 
7818.3849528151995  0.9967268321763111 
7819.96013512754  0.9934263740690867 
7821.53531743988  0.9960647097356762 
7823.11049975222  0.9967776083332763 
7824.68568206456  0.9897017494679382 
7826.2608643769  0.9915353652517671 
7827.83604668924  0.9956524083969343 
7829.41122900158  0.9947013651374726 
7830.98641131392  0.9940147671859426 
7832.56159362626  0.9895302063238031 
7834.1367759386  0.9905400294818358 
7835.7119582509395  0.993033652195791 
7837.2871405632795  0.9901887137249612 
7838.86232287562  0.9884873553171992 
7840.43750518796  0.9935129080754742 
7842.0126875003  0.9956351658092277 
7843.58786981264  0.9956979744716571 
7845.16305212498  0.9974747506349385 
7846.73823443732  0.9901814252831803 
7848.31341674966  0.9842568080922628 
7849.888599062  0.9875704278093519 
7851.46378137434  0.989499305432033 
7853.03896368668  0.9972467811291036 
7854.6141459990195  0.9966805923538553 
7856.1893283113595  0.9906689631954998 
7857.7645106237  0.9899943968090237 
7859.33969293604  0.9909527692421151 
7860.91487524838  0.9936885693683889 
7862.49005756072  0.9993867883473315 
7864.06523987306  1.0008918007191945 
7865.6404221854  0.9953707311924751 
7867.21560449774  0.9985706424148311 
7868.79078681008  0.9991083676052709 
7870.36596912242  0.9947514310452703 
7871.94115143476  0.9956685432021913 
7873.516333747099  0.99618054416094 
7875.0915160594395  0.999181158248169 
7876.66669837178  1.0041421000961321 
7878.24188068412  1.004409770956327 
7879.81706299646  1.0060593838021847 
7881.3922453088  0.9946573668326196 
7882.96742762114  0.9904292841011404 
7884.54260993348  0.9964283174388106 
7886.11779224582  0.9982239809684347 
7887.69297455816  0.9999375970851685 
7889.2681568705  0.998806154043774 
7890.84333918284  1.0010629073019113 
7892.418521495179  1.0143810429854274 
7893.9937038075195  1.0273197019854923 
7895.56888611986  1.031449694686395 
7897.1440684322  1.020126005060857 
7898.71925074454  1.003784346227603 
7900.29443305688  1.007345525511548 
7901.86961536922  1.0092586482287094 
7903.44479768156  1.004767092935418 
7905.0199799939  0.9944064724267219 
7906.59516230624  0.9954497733917685 
7908.17034461858  1.0049359599861734 
7909.74552693092  1.0014362317315566 
7911.320709243259  0.9987930182760222 
7912.8958915555995  1.0039514339710416 
7914.47107386794  1.000750487646516 
7916.04625618028  0.9990213809950387 
7917.62143849262  1.0021250165146929 
7919.19662080496  1.0063575975512329 
7920.7718031173  1.0040014848227592 
7922.34698542964  1.0037214835757846 
7923.92216774198  0.999647733852802 
7925.49735005432  0.9991309370790247 
7927.07253236666  1.0066394103504126 
7928.647714679  1.0145600004821025 
7930.222896991339  1.0072780340248733 
7931.7980793036795  0.993643314090825 
7933.37326161602  0.9857790899945547 
7934.94844392836  0.9935877373387436 
7936.5236262407  0.9958647539510418 
7938.09880855304  0.9980040480340564 
7939.67399086538  0.9888199438037742 
7941.24917317772  0.9904334706089212 
7942.82435549006  0.9936016123410234 
7944.3995378024  0.997758944905339 
7945.97472011474  1.0021689012622357 
7947.54990242708  1.0092745716127967 
7949.12508473942  1.0035069402451822 
7950.7002670517595  1.0000809253052256 
7952.2754493641  1.0018617492871635 
7953.85063167644  1.0008374368324617 
7955.42581398878  0.9937425205697916 
7957.00099630112  0.9976666467979114 
7958.57617861346  1.0030217209088932 
7960.1513609258  1.0086459190911654 
7961.72654323814  1.0133849436857503 
7963.30172555048  1.0130441067189497 
7964.87690786282  1.0095585377330534 
7966.45209017516  1.004911239463294 
7968.027272487499  1.0045005947750298 
7969.6024547998395  1.005985746914695 
7971.17763711218  1.0023101023432273 
7972.75281942452  0.9974744717232368 
7974.32800173686  0.9948061699244817 
7975.9031840492  0.9905749482557372 
7977.47836636154  0.9902159486736174 
7979.05354867388  0.9903633175733944 
7980.62873098622  0.99953190547494 
7982.20391329856  1.0039030737388874 
7983.7790956109  1.0063501996050388 
7985.35427792324  1.0074498719765406 
7986.92946023558  1.006235717907064 
7988.5046425479195  0.9984016133863133 
7990.07982486026  0.9957623376158657 
7991.6550071726  1.0035909744735831 
7993.23018948494  1.0016975322587545 
7994.80537179728  0.9947594561524086 
7996.38055410962  0.9981512526868253 
7997.95573642196  1.000080951378937 
7999.5309187343  1.0092339586938412 
8001.10610104664  1.0050678077533746 
8002.68128335898  1.0034348928424408 
8004.25646567132  1.0026568969480318 
8005.831647983659  1.0021993888979652 
8007.4068302959995  1.0054696612563614 
8008.98201260834  1.001510297557132 
8010.55719492068  1.0050118618191837 
8012.13237723302  1.0100965210413808 
8013.70755954536  1.0080669162321878 
8015.2827418577  1.0034195364092304 
8016.85792417004  0.9990075831573831 
8018.43310648238  0.993782963207621 
8020.00828879472  1.0013406380950207 
8021.58347110706  1.0083489217235726 
8023.1586534194  1.0090979055383262 
8024.73383573174  1.0055040653102603 
8026.3090180440795  1.0081311142087244 
8027.88420035642  1.0108265247829766 
8029.45938266876  1.0061720259186744 
8031.0345649811  0.9992134338756762 
8032.60974729344  0.9984253744563163 
8034.18492960578  1.0067115694584685 
8035.76011191812  1.0053581437404784 
8037.33529423046  0.9990001240119293 
8038.9104765428  1.0022956090746218 
8040.48565885514  1.005872331195383 
8042.06084116748  1.0061376668359212 
8043.636023479819  1.0058368528924364 
8045.2112057921595  1.005322332822871 
8046.7863881045  1.0025080582786032 
8048.36157041684  0.9951907111114163 
8049.93675272918  0.9940342586754862 
8051.51193504152  0.9970759974698786 
8053.08711735386  0.9988614196410107 
8054.6622996662  0.9951273112533849 
8056.23748197854  0.9912370401593016 
8057.81266429088  0.9978786192965301 
8059.38784660322  0.9965422863688554 
8060.96302891556  0.9963233240734116 
8062.5382112279  1.0058717171623561 
8064.1133935402395  1.0064080340822465 
8065.68857585258  0.9972725968574856 
8067.26375816492  0.9938267862702205 
8068.83894047726  1.0009963306312064 
8070.4141227896  1.003138318816401 
8071.98930510194  0.9988365567094555 
8073.56448741428  0.9951369515719772 
8075.13966972662  0.994358201692188 
8076.71485203896  0.9955716435636213 
8078.2900343513  1.0000228056083738 
8079.86521666364  1.002900014244251 
8081.440398975979  1.00405812608144 
8083.0155812883195  1.0032663904415977 
8084.59076360066  1.0055757627072435 
8086.165945913  1.002434097634805 
8087.74112822534  0.9959683075090033 
8089.31631053768  1.0044299517484276 
8090.89149285002  1.0099198213474163 
8092.46667516236  1.004522564837964 
8094.0418574747  1.0091412323498434 
8095.61703978704  1.0137233708447215 
8097.19222209938  1.017683399724448 
8098.76740441172  1.0102167675294234 
8100.34258672406  1.0052413051611022 
8101.9177690363995  1.0018353166231249 
8103.49295134874  1.0046764958897025 
8105.06813366108  1.0089369189295647 
8106.64331597342  1.0125899274009644 
8108.21849828576  1.0192752760284463 
8109.7936805981  1.0193918066222383 
8111.36886291044  1.0203528472993393 
8112.94404522278  1.0314163052805032 
8114.51922753512  1.0277070628386011 
8116.09440984746  1.0091053263015675 
8117.6695921598  1.009642129427007 
8119.244774472139  1.0257841331122364 
8120.8199567844795  1.0380045506192943 
8122.39513909682  1.0384959838339 
8123.97032140916  1.0347682559755642 
8125.5455037215  1.0309672388707487 
8127.12068603384  1.0273314489911605 
8128.69586834618  1.039653765694954 
8130.27105065852  1.0632576441570087 
8131.84623297086  1.0992498389495033 
8133.4214152832  1.1327202570561374 
8134.99659759554  1.12599311769889 
8136.57177990788  1.0835723968045359 
8138.14696222022  1.0650920933453423 
8139.7221445325595  1.090223684941636 
8141.2973268448995  1.1185066662951455 
8142.87250915724  1.1107596450084416 
8144.44769146958  1.0985348314627748 
8146.02287378192  1.1176031167088905 
8147.59805609426  1.1589270079012883 
8149.1732384066  1.1642062954785306 
8150.74842071894  1.1346127384292721 
8152.32360303128  1.1431681272034067 
8153.89878534362  1.1678840251507394 
8155.47396765596  1.1452456923369814 
8157.049149968299  1.113876045542823 
8158.6243322806395  1.1243001079810366 
8160.1995145929795  1.183854210029448 
8161.77469690532  1.2746673009966394 
8163.34987921766  1.2954548598153286 
8164.92506153  1.214191019883712 
8166.50024384234  1.1539307090689532 
8168.07542615468  1.1768836998832943 
8169.65060846702  1.1926697063996865 
8171.22579077936  1.1308903138716473 
8172.8009730917  1.0655323349809396 
8174.37615540404  1.078517507464118 
8175.95133771638  1.175519845483346 
8177.5265200287195  1.2760021507446568 
8179.1017023410595  1.2429932066578586 
8180.6768846534  1.160131139895977 
8182.25206696574  1.1118672536332423 
8183.82724927808  1.0885373120797466 
8185.40243159042  1.0927227202354584 
8186.97761390276  1.1220027442795102 
8188.5527962151  1.1467123575857119 
8190.12797852744  1.1409796907800522 
8191.70316083978  1.125963461468588 
8193.27834315212  1.1094370364617359 
8194.85352546446  1.0945600899362424 
8196.4287077768  1.120757815729743 
8198.00389008914  1.1658891481733222 
8199.57907240148  1.1551609864467294 
8201.15425471382  1.097895149978342 
8202.72943702616  1.0452445509771844 
8204.3046193385  1.014556327283925 
8205.87980165084  1.0056960372420742 
8207.45498396318  1.0195640354201263 
8209.03016627552  1.0334197904518099 
8210.60534858786  1.0450757745528834 
8212.1805309002  1.0509797050192062 
8213.75571321254  1.0396483072977927 
8215.33089552488  1.0374159776766754 
8216.90607783722  1.0574923414474322 
8218.48126014956  1.0718046124521377 
8220.0564424619  1.0757872018281276 
8221.63162477424  1.0900188210221715 
8223.206807086579  1.1196258008836772 
8224.78198939892  1.1988284307367154 
8226.357171711259  1.3507768118932568 
8227.9323540236  1.5000819353155272 
8229.50753633594  1.4856954398256523 
8231.08271864828  1.360825526166959 
8232.65790096062  1.2544084138242908 
8234.23308327296  1.163909306835302 
8235.8082655853  1.104268042924556 
8237.38344789764  1.068373583905135 
8238.95863020998  1.0538223144205567 
8240.53381252232  1.057669648089457 
8242.10899483466  1.0876022392421603 
8243.684177146999  1.0892919192550725 
8245.25935945934  1.0545910477206517 
8246.83454177168  1.0234495481339103 
8248.40972408402  1.012218306796543 
8249.98490639636  1.0126369590600948 
8251.5600887087  1.0221453434578214 
8253.13527102104  1.0451166005917853 
8254.71045333338  1.0754870725773895 
8256.28563564572  1.1121922153365702 
8257.86081795806  1.1152372882835204 
8259.4360002704  1.0836071670877627 
8261.01118258274  1.0626644041392699 
8262.58636489508  1.0561310725105 
8264.161547207419  1.0399286259421916 
8265.73672951976  1.0247517531628878 
8267.3119118321  1.012022620610149 
8268.88709414444  1.0192617925667193 
8270.46227645678  1.049104032205741 
8272.03745876912  1.097627469862317 
8273.61264108146  1.1513456022679915 
8275.1878233938  1.1542137185021621 
8276.76300570614  1.128933780257871 
8278.33818801848  1.1178620465053357 
8279.91337033082  1.1283550984861033 
8281.48855264316  1.1355597356064082 
8283.0637349555  1.0995650644712172 
8284.63891726784  1.061188126734265 
8286.21409958018  1.0859707263824856 
8287.78928189252  1.1345688545914112 
8289.36446420486  1.1244138669231518 
8290.9396465172  1.0818748452281646 
8292.51482882954  1.0829225495514427 
8294.09001114188  1.118583692879923 
8295.66519345422  1.097210399682544 
8297.24037576656  1.052442604247788 
8298.815558078899  1.0527283180898357 
8300.39074039124  1.066581379264583 
8301.965922703579  1.0779450968809927 
8303.54110501592  1.1082339182085819 
8305.11628732826  1.11751632083369 
8306.6914696406  1.0744219980742118 
8308.26665195294  1.040873402454713 
8309.84183426528  1.043879438105603 
8311.41701657762  1.0621967656882734 
8312.99219888996  1.057727610111111 
8314.5673812023  1.064007173394524 
8316.14256351464  1.087199820009464 
8317.71774582698  1.1027408200781519 
8319.292928139319  1.1201167325570798 
8320.86811045166  1.1319623446032163 
8322.443292764  1.1010047578811488 
8324.01847507634  1.049524156546512 
8325.59365738868  1.0267987004674732 
8327.16883970102  1.0399244169744541 
8328.74402201336  1.0660455665967135 
8330.3192043257  1.0690859682073186 
8331.89438663804  1.0634684246072719 
8333.46956895038  1.0584142982045408 
8335.04475126272  1.0529352757294674 
8336.61993357506  1.0512872240957307 
8338.1951158874  1.065790424231716 
8339.770298199739  1.0687249521115987 
8341.34548051208  1.0459841404549703 
8342.92066282442  1.0295338011717199 
8344.49584513676  1.0211078132928109 
8346.0710274491  1.0226465120723374 
8347.64620976144  1.0307975731428833 
8349.22139207378  1.0343831092110611 
8350.79657438612  1.030009836119311 
8352.37175669846  1.0330101864896517 
8353.9469390108  1.0393123059265694 
8355.52212132314  1.0358816314602566 
8357.09730363548  1.0356275162229573 
8358.67248594782  1.0367711440490353 
8360.24766826016  1.040584167475135 
8361.8228505725  1.04728955565665 
8363.39803288484  1.0388071202287794 
8364.97321519718  1.0311170426321334 
8366.54839750952  1.0299456957769466 
8368.12357982186  1.026669278033881 
8369.6987621342  1.021389530716928 
8371.27394444654  1.020457288150301 
8372.84912675888  1.0171647302247422 
8374.424309071219  1.027671748021657 
8375.99949138356  1.0380629422265364 
8377.574673695899  1.0380570742421296 
8379.14985600824  1.0299555719785516 
8380.72503832058  1.0172795212965013 
8382.30022063292  1.0116835714625065 
8383.87540294526  1.0187473858259066 
8385.4505852576  1.0217230135284052 
8387.02576756994  1.015204706100881 
8388.60094988228  1.010038686726863 
8390.17613219462  1.0109500534398128 
8391.75131450696  1.0155568450786243 
8393.3264968193  1.0187184454297247 
8394.901679131639  1.0208822993987332 
8396.47686144398  1.013182115543436 
8398.05204375632  1.0103767510822075 
8399.62722606866  1.0073086928001638 
8401.202408381  1.0065266809207167 
8402.77759069334  1.0122125273992688 
8404.35277300568  1.0160034006306926 
8405.92795531802  1.0175754457019257 
8407.50313763036  1.0202248512925987 
8409.0783199427  1.0266412074993128 
8410.65350225504  1.022930431053992 
8412.22868456738  1.016769435939171 
8413.80386687972  1.0201536626165761 
8415.379049192059  1.0217240106071679 
8416.9542315044  1.0211800930175379 
8418.52941381674  1.0253969196301838 
8420.10459612908  1.0140670090912978 
8421.67977844142  1.0052850193196967 
8423.25496075376  0.9985398535932772 
8424.8301430661  0.9928879520314987 
8426.40532537844  0.9979984444235523 
8427.98050769078  1.0052160065348807 
8429.55569000312  1.0119437475052784 
8431.13087231546  1.0105185065888451 
8432.7060546278  1.0119069533912946 
8434.28123694014  1.019962296949957 
8435.85641925248  1.0321086145035732 
8437.43160156482  1.0298667523481482 
8439.00678387716  1.024492078799763 
8440.5819661895  1.0298051455613157 
8442.15714850184  1.0323513202288097 
8443.73233081418  1.0344118848533643 
8445.30751312652  1.0573857779722489 
8446.88269543886  1.066115206568923 
8448.4578777512  1.037111555086051 
8450.03306006354  1.0099110051120155 
8451.60824237588  0.9992724743033942 
8453.183424688219  0.9950073855244365 
8454.75860700056  0.9988753704202507 
8456.3337893129  1.004599716716758 
8457.90897162524  1.0079712444174185 
8459.48415393758  1.0083243399983612 
8461.05933624992  1.0073936171668048 
8462.63451856226  1.0147509967703148 
8464.2097008746  1.0213580984526234 
8465.78488318694  1.0221909077291453 
8467.36006549928  1.0241005284118068 
8468.93524781162  1.018663481028616 
8470.510430123959  1.0136679852536585 
8472.0856124363  1.0134669384380703 
8473.66079474864  1.0088542675828744 
8475.23597706098  1.0000707441810988 
8476.81115937332  0.9957374806424913 
8478.38634168566  0.9873735664701752 
8479.961523998  0.9875654706051017 
8481.53670631034  0.995843745187773 
8483.11188862268  0.9998255869203465 
8484.68707093502  1.001371091957245 
8486.26225324736  1.0019419130408966 
8487.8374355597  1.0007934747001634 
8489.41261787204  0.9967247206869114 
8490.987800184379  0.9996419907969802 
8492.56298249672  1.0064849883540437 
8494.13816480906  1.0054403130816174 
8495.7133471214  1.0059941394064122 
8497.28852943374  1.0103535695291077 
8498.86371174608  1.0215925785201436 
8500.43889405842  1.0309490438080917 
8502.01407637076  1.0323012296512901 
8503.5892586831  1.0338693768580225 
8505.16444099544  1.0309200073135019 
8506.73962330778  1.0186842833114955 
8508.31480562012  1.0085771022912786 
8509.88998793246  1.0092293050057246 
8511.465170244799  1.0093856275612778 
8513.04035255714  1.0003221574416674 
8514.61553486948  0.990768819218002 
8516.19071718182  0.9907989349949138 
8517.76589949416  0.9924625751120041 
8519.3410818065  0.9888924856210751 
8520.91626411884  0.9894064387248579 
8522.49144643118  0.9906439114539907 
8524.06662874352  0.9898064181321585 
8525.64181105586  0.9933832650136322 
8527.2169933682  0.9951446680818632 
8528.792175680539  0.9966633262151241 
8530.36735799288  0.99455661370826 
8531.94254030522  0.9940421687426454 
8533.51772261756  1.0007935672716617 
8535.0929049299  1.0030443324445646 
8536.66808724224  1.0016879985757827 
8538.24326955458  1.0116645977574317 
8539.81845186692  1.0250581086501516 
8541.39363417926  1.0450994237423763 
8542.9688164916  1.0547431878622948 
8544.54399880394  1.0544460172735202 
8546.119181116279  1.0572520661255862 
8547.69436342862  1.0541042508093148 
8549.269545740959  1.0441972744472312 
8550.8447280533  1.027998315739218 
8552.41991036564  1.0184342407135323 
8553.99509267798  1.0108138954992536 
8555.57027499032  1.0005784083721716 
8557.14545730266  1.0002267000669018 
8558.720639615  0.9949632285462705 
8560.29582192734  0.9915636813689562 
8561.87100423968  0.9905606232554128 
8563.44618655202  0.9869973672816411 
8565.02136886436  0.9788646103705192 
8566.596551176699  0.9815873505340211 
8568.17173348904  0.9794610095721459 
8569.74691580138  0.9839895104742119 
8571.32209811372  0.986045644853484 
8572.89728042606  0.9795353367712456 
8574.4724627384  0.9778017478945802 
8576.04764505074  0.9845934297943222 
8577.62282736308  0.9850909118407417 
8579.19800967542  0.9826428852477238 
8580.77319198776  0.9891222531658342 
8582.3483743001  0.996099536955114 
8583.92355661244  0.9990768259398176 
8585.49873892478  1.002975029594594 
8587.073921237119  1.006587940433257 
8588.64910354946  1.0118067349707973 
8590.2242858618  1.0206832362818608 
8591.79946817414  1.0214222513826934 
8593.37465048648  1.03689199294145 
8594.94983279882  1.0548659170586199 
8596.52501511116  1.0651967532443016 
8598.1001974235  1.071980392433483 
8599.67537973584  1.0738992326924424 
8601.25056204818  1.0623905828085747 
8602.82574436052  1.0453911226126538 
8604.40092667286  1.0272503905406425 
8605.9761089852  1.0151709208172135 
8607.55129129754  1.0066411970172533 
8609.12647360988  1.0024985363684942 
8610.70165592222  0.9979673778608623 
8612.27683823456  0.9977285257239447 
8613.8520205469  0.9954927076629997 
8615.42720285924  0.9917213122739634 
8617.00238517158  0.9865192105149772 
8618.57756748392  0.9855857345623222 
8620.15274979626  0.9801819204891129 
8621.727932108599  0.9722873146249603 
8623.30311442094  0.9740021030635211 
8624.878296733279  0.9765663035212616 
8626.45347904562  0.9741018904110815 
8628.02866135796  0.9714601203295746 
8629.6038436703  0.9718789912705623 
8631.17902598264  0.9724366123344863 
8632.75420829498  0.9757084011244843 
8634.32939060732  0.9783097907911987 
8635.90457291966  0.9743777751873073 
8637.479755232  0.968059911279767 
8639.05493754434  0.9729822801010871 
8640.63011985668  0.9787135765180308 
8642.205302169019  0.9797121677065683 
8643.78048448136  0.9821630808428854 
8645.3556667937  0.9899878742738374 
8646.93084910604  0.9935698094009392 
8648.50603141838  0.9940066790032633 
8650.08121373072  0.9955014322306821 
8651.65639604306  0.9979371115978917 
8653.2315783554  1.002849655424218 
8654.80676066774  1.0122961966420039 
8656.38194298008  1.0158379511344133 
8657.95712529242  1.0288231968453931 
8659.53230760476  1.0412981957907514 
8661.1074899171  1.0586376499967134 
8662.682672229439  1.0929267202004593 
8664.25785454178  1.1184455265895492 
8665.83303685412  1.1252322450618886 
8667.40821916646  1.1003501993919633 
8668.9834014788  1.0748816819219191 
8670.55858379114  1.062036148346855 
8672.13376610348  1.0369038818173588 
8673.70894841582  1.0150956821753734 
8675.28413072816  1.000183152053481 
8676.8593130405  0.9923810318980054 
8678.43449535284  0.9953390891300432 
8680.00967766518  0.9991133378364796 
8681.58485997752  0.996653847761447 
8683.16004228986  0.9935347221682007 
8684.7352246022  0.9875434987323445 
8686.31040691454  0.9828911331415938 
8687.88558922688  0.980525194688799 
8689.46077153922  0.9731108652834882 
8691.03595385156  0.9662295478356576 
8692.6111361639  0.9658312227813414 
8694.18631847624  0.9709902412737063 
8695.76150078858  0.9722643395574961 
8697.336683100919  0.9688960114608984 
8698.91186541326  0.9640815320212494 
8700.487047725599  0.9641802688515989 
8702.06223003794  0.9650992440575312 
8703.63741235028  0.9700872557407212 
8705.21259466262  0.9701716840989618 
8706.78777697496  0.9673613319432773 
8708.3629592873  0.9641251368597797 
8709.93814159964  0.9644613157901823 
8711.51332391198  0.9713898401689471 
8713.08850622432  0.9725457571010815 
8714.66368853666  0.970219856838308 
8716.238870849  0.9679881260763278 
8717.814053161339  0.9636757705324666 
8719.38923547368  0.9664606499011015 
8720.96441778602  0.9710988923199908 
8722.53960009836  0.9727056736353757 
8724.1147824107  0.9688435893208305 
8725.68996472304  0.9733138642098644 
8727.26514703538  0.9802640833886622 
8728.84032934772  0.9769818253081769 
8730.41551166006  0.9771768508122841 
8731.9906939724  0.9805362250867593 
8733.56587628474  0.9825874365739722 
8735.14105859708  0.9964933817985174 
8736.71624090942  1.0081660125625103 
8738.291423221759  1.0145047494122157 
8739.8666055341  1.0192084094372258 
8741.44178784644  1.0231989552036116 
8743.01697015878  1.0369707502334853 
8744.59215247112  1.0501266339894921 
8746.16733478346  1.0707317153888933 
8747.7425170958  1.1023679384476142 
8749.31769940814  1.1305529731821247 
8750.89288172048  1.1423482787540464 
8752.46806403282  1.1347534414883018 
8754.04324634516  1.1032357250598182 
8755.6184286575  1.0719392153167477 
8757.19361096984  1.046235249595582 
8758.76879328218  1.0308515349253802 
8760.34397559452  1.0233780912448465 
8761.91915790686  1.017167871132647 
8763.4943402192  1.0036417101165462 
8765.06952253154  0.9954907218803509 
8766.64470484388  0.9951226397171687 
8768.21988715622  0.9872465631093398 
8769.79506946856  0.9835953641827655 
8771.3702517809  0.983989988374777 
8772.945434093239  0.97602497337615 
8774.52061640558  0.9769303721579415 
8776.09579871792  0.9799684819533175 
8777.67098103026  0.980243701329359 
8779.2461633426  0.9758935360430189 
8780.82134565494  0.9753245120788004 
8782.39652796728  0.9759208476531063 
8783.97171027962  0.9711489639855195 
8785.54689259196  0.965741924823352 
8787.1220749043  0.9639887740400792 
8788.69725721664  0.9596407265566753 
8790.27243952898  0.9620027780542095 
8791.84762184132  0.970362209968312 
8793.422804153659  0.9713407002762052 
8794.997986466  0.9649688584908633 
8796.57316877834  0.9635662221400213 
8798.14835109068  0.9633587056633577 
8799.72353340302  0.9669167363239837 
8801.29871571536  0.9655004308065863 
8802.8738980277  0.9571520044836367 
8804.44908034004  0.9552376701922431 
8806.02426265238  0.9589442182028073 
8807.59944496472  0.9612526224578863 
8809.17462727706  0.9598281772491883 
8810.7498095894  0.961565411286427 
8812.32499190174  0.9608941147340253 
8813.900174214079  0.9575119719728858 
8815.47535652642  0.9579403558473341 
8817.05053883876  0.9580729141753378 
8818.6257211511  0.9668249681025635 
8820.20090346344  0.9722861566920201 
8821.77608577578  0.9675856515570037 
8823.35126808812  0.964340240488786 
8824.92645040046  0.9567216082391401 
8826.5016327128  0.9574579408761514 
8828.07681502514  0.9620780631384334 
8829.65199733748  0.9620623307665905 
8831.22717964982  0.9647248549376704 
8832.80236196216  0.9665559375259677 
8834.377544274499  0.9649721147574595 
8835.95272658684  0.9622855403155042 
8837.52790889918  0.9567196558887426 
8839.10309121152  0.9598540662639219 
8840.67827352386  0.970484909872455 
8842.2534558362  0.9790760181773813 
8843.82863814854  0.9820139969696756 
8845.40382046088  0.9855350014072325 
8846.97900277322  0.9910126103813761 
8848.554185085559  0.9907736472751374 
8850.1293673979  0.999539083185991 
8851.70454971024  1.005748689387401 
8853.27973202258  1.0037949751887867 
8854.85491433492  1.0104803905491153 
8856.43009664726  1.0280952210027612 
8858.0052789596  1.0582338130783135 
8859.58046127194  1.0841962717457772 
8861.15564358428  1.1237598066567165 
8862.73082589662  1.1570470184494857 
8864.30600820896  1.1579846618535465 
8865.8811905213  1.128674525212237 
8867.45637283364  1.0916349668837741 
8869.031555145979  1.0617423345476202 
8870.60673745832  1.039353213000368 
8872.181919770659  1.0202128097904615 
8873.757102083  1.009200148744639 
8875.33228439534  1.000652729944234 
8876.90746670768  0.9972430447128284 
8878.48264902002  0.9968271889507473 
8880.05783133236  0.9897402897737665 
8881.6330136447  0.9770290947776521 
8883.20819595704  0.9695668851256192 
8884.78337826938  0.9708666577337856 
8886.35856058172  0.9695718993835472 
8887.93374289406  0.9681063449592869 
8889.508925206399  0.9726583807128755 
8891.08410751874  0.9624625828391744 
8892.65928983108  0.9607898174157757 
8894.23447214342  0.9638444357615773 
8895.80965445576  0.9610146493591714 
8897.3848367681  0.9615562037770107 
8898.96001908044  0.9627423408614677 
8900.53520139278  0.9591636285522794 
8902.11038370512  0.9534235580753824 
8903.68556601746  0.9492718211244924 
8905.2607483298  0.9528028676859188 
8906.83593064214  0.954539108277653 
8908.41111295448  0.9562586535706094 
8909.986295266819  0.9570868822244546 
8911.56147757916  0.9562152177955221 
8913.1366598915  0.9594101883589888 
8914.71184220384  0.9630162753722202 
8916.28702451618  0.9657823920962012 
8917.86220682852  0.966167092440329 
8919.43738914086  0.9653907571899133 
8921.0125714532  0.956950784616665 
8922.58775376554  0.9494397977744496 
8924.162936077879  0.9454141884296242 
8925.73811839022  0.9470546327949569 
8927.31330070256  0.9589960215190875 
8928.8884830149  0.9716599569270822 
8930.46366532724  0.977140725710762 
8932.03884763958  0.9728358846811741 
8933.61402995192  0.9683044063463604 
8935.18921226426  0.9562359433495526 
8936.7643945766  0.9427872709206282 
8938.33957688894  0.9502007822341472 
8939.91475920128  0.9691495872774395 
8941.48994151362  0.9725925144866677 
8943.06512382596  0.9640353891505626 
8944.640306138299  0.96559305996702 
8946.21548845064  0.9802057385200655 
8947.790670762979  0.982818086970604 
8949.36585307532  0.9788552806578458 
8950.94103538766  0.9921876084357082 
8952.5162177  1.0178274889328782 
8954.09140001234  1.0374024868792528 
8955.66658232468  1.0174684213886331 
8957.24176463702  0.9715178778387311 
8958.81694694936  0.9522639718858961 
8960.3921292617  0.9791224543951104 
8961.96731157404  1.0488346644943427 
8963.54249388638  1.0997923725453667 
8965.117676198719  1.082467612805493 
8966.69285851106  1.0186566042603602 
8968.2680408234  0.9681990622125983 
8969.84322313574  1.0008596880360243 
8971.41840544808  1.0755420560044002 
8972.99358776042  1.0926968750364048 
8974.56877007276  1.0568159028944746 
8976.1439523851  1.0064488274353465 
8977.71913469744  0.9903797237226992 
8979.29431700978  1.0322259943625023 
8980.86949932212  1.044162546451013 
8982.44468163446  0.9882529469419331 
8984.0198639468  0.9666696088602426 
8985.595046259139  1.06853642701516 
8987.17022857148  1.2296072698596112 
8988.74541088382  1.292369169741294 
8990.32059319616  1.2721165133285792 
8991.8957755085  1.153026515186489 
8993.47095782084  0.9789938621352947 
8995.04614013318  0.8843211249253455 
8996.62132244552  0.878286940102422 
8998.19650475786  0.9529911571353449 
8999.771687070199  1.0772104109631053 
9001.34686938254  1.1403944780634718 
9002.92205169488  1.1403235836096857 
9004.49723400722  1.1259686290341575 
9006.07241631956  1.1287748758909426 
9007.6475986319  1.137741999629024 
9009.22278094424  1.135906379552326 
9010.79796325658  1.1604159259206122 
9012.37314556892  1.203523664042548 
9013.94832788126  1.2600403973603196 
9015.5235101936  1.356280980913723 
9017.09869250594  1.3454355703669225 
9018.67387481828  1.1968392555125722 
9020.249057130619  1.1032691459546593 
9021.82423944296  1.1190763700130164 
9023.399421755299  1.15393506543846 
9024.97460406764  1.1576323847970762 
9026.54978637998  1.1037913444680276 
9028.12496869232  1.0400653156377329 
9029.70015100466  1.018320403407263 
9031.275333317  1.010261052281087 
9032.85051562934  0.9823013178136706 
9034.42569794168  0.951513217732506 
9036.00088025402  0.9407142462359787 
9037.57606256636  0.9447420546193958 
9039.1512448787  0.9654359319739837 
9040.726427191039  0.9998411831597085 
9042.30160950338  1.0199180542918969 
9043.87679181572  0.9939603311937933 
9045.45197412806  0.9615251365886534 
9047.0271564404  0.9508600571882018 
9048.60233875274  0.9546818858205582 
9050.17752106508  0.9660392019428953 
9051.75270337742  0.9932922281145501 
9053.32788568976  0.9986615188547961 
9054.9030680021  0.9587611137606366 
9056.47825031444  0.9294106820410928 
9058.05343262678  0.9413385401226215 
9059.62861493912  0.985923021026676 
9061.203797251459  1.0209511461670164 
9062.7789795638  1.0241026607612496 
9064.35416187614  0.9883190039756221 
9065.92934418848  0.9586938809356749 
9067.50452650082  0.9923992009323153 
9069.07970881316  1.0557174237573808 
9070.6548911255  1.0888337358772078 
9072.23007343784  1.0803636493661244 
9073.80525575018  1.0158718841404557 
9075.380438062519  0.9463067246073155 
9076.95562037486  0.9409422096809769 
9078.5308026872  1.0307475201193206 
9080.10598499954  1.1173879893797902 
9081.68116731188  1.065275795652998 
9083.25634962422  0.9825416659226399 
9084.83153193656  0.9997363091526187 
9086.4067142489  1.068193559443549 
9087.98189656124  1.054874317026692 
9089.55707887358  1.0050835842331638 
9091.13226118592  0.9927868500098193 
9092.70744349826  1.0097079912132125 
9094.2826258106  0.9961558440471437 
9095.857808122939  0.9608666623233069 
9097.43299043528  0.9854529589318565 
9099.008172747619  1.0587937547177055 
9100.58335505996  1.0591093547202632 
9102.1585373723  0.9788041557063206 
9103.73371968464  0.9756140592542709 
9105.30890199698  1.0657259204445075 
9106.88408430932  1.123968389877456 
9108.45926662166  1.0580065841033273 
9110.034448934  0.9697221304753043 
9111.60963124634  0.923835580193119 
9113.18481355868  0.9279680371749983 
9114.75999587102  0.9701188647865039 
9116.335178183359  1.0605245070370986 
9117.9103604957  1.1410296390683394 
9119.48554280804  1.0902791532336338 
9121.06072512038  0.9728965835108151 
9122.63590743272  0.9121179249572714 
9124.21108974506  0.9078572218744299 
9125.7862720574  0.9179801125323584 
9127.36145436974  0.9735175809626377 
9128.93663668208  1.0610682454081557 
9130.51181899442  1.084723033810828 
9132.08700130676  1.0462986182706175 
9133.6621836191  1.0721332145177813 
9135.23736593144  1.1827459892445034 
9136.812548243779  1.182556348385126 
9138.38773055612  1.0534306404793226 
9139.96291286846  0.9696712235090582 
9141.5380951808  0.9527713088920639 
9143.11327749314  0.9508504792354827 
9144.68845980548  0.9325889695264372 
9146.26364211782  0.9043111686391726 
9147.83882443016  0.903449635628913 
9149.4140067425  0.9454216004960707 
9150.98918905484  1.0406894318699298 
9152.56437136718  1.1537232467384049 
9154.13955367952  1.2012625970148354 
9155.71473599186  1.1504369061685455 
9157.2899183042  1.0493888686438428 
9158.86510061654  0.9866953794246707 
9160.44028292888  0.9761293888003699 
9162.01546524122  0.963293813488399 
9163.59064755356  0.9411885068251293 
9165.1658298659  0.9312868921191162 
9166.74101217824  0.9450181507290479 
9168.31619449058  0.9691259556349161 
9169.89137680292  0.9758583911823884 
9171.466559115259  1.0143563427332245 
9173.0417414276  1.1203362119922369 
9174.61692373994  1.1951661911938158 
9176.19210605228  1.1287139206468533 
9177.76728836462  1.0126853583888094 
9179.34247067696  0.9420829134431635 
9180.9176529893  0.9264242754782592 
9182.49283530164  0.9663383283919935 
9184.06801761398  1.015855105377373 
9185.64319992632  0.9945999614927925 
9187.21838223866  0.9363520085108998 
9188.793564551  0.917221766551657 
9190.36874686334  0.9323224805679987 
9191.943929175679  0.9623178886445541 
9193.51911148802  1.0075611463992153 
9195.094293800359  1.0456366150741077 
9196.6694761127  1.0178415503225795 
9198.24465842504  0.9619167417181862 
9199.81984073738  0.926762499076616 
9201.39502304972  0.9113589402912098 
9202.97020536206  0.9146447443445432 
9204.5453876744  0.9361325825311345 
9206.12056998674  0.9705322407027764 
9207.69575229908  0.9818350185963303 
9209.27093461142  0.9646897238624061 
9210.84611692376  0.9528281590127151 
9212.421299236099  0.9812679931213426 
9213.99648154844  1.024566203615777 
9215.57166386078  1.0555056382494683 
9217.14684617312  1.050584077939773 
9218.72202848546  1.0120482434128737 
9220.2972107978  0.9818412738876563 
9221.87239311014  0.9928928626432235 
9223.44757542248  1.023864835816267 
9225.02275773482  1.052913518095242 
9226.59794004716  1.0824771933513626 
9228.1731223595  1.1327518533945944 
9229.74830467184  1.1517674373843634 
9231.32348698418  1.121156217237094 
9232.898669296519  1.0746220513340412 
9234.47385160886  1.0419327048734461 
9236.0490339212  1.0271690130476818 
9237.62421623354  1.0235058826341887 
9239.19939854588  1.0056154056328617 
9240.77458085822  0.9813944615093593 
9242.34976317056  0.983973796803908 
9243.9249454829  1.0088429785107462 
9245.50012779524  1.0105190184122461 
9247.075310107579  0.9764894052720875 
9248.65049241992  0.9563549608557309 
9250.22567473226  0.9578747105879145 
9251.8008570446  0.950959730390803 
9253.37603935694  0.930305232620643 
9254.95122166928  0.9104581359789261 
9256.52640398162  0.8983292588817845 
9258.10158629396  0.9209108527951039 
9259.6767686063  0.97342042069754 
9261.25195091864  1.006043854373015 
9262.82713323098  0.9817839444911668 
9264.40231554332  0.9462915973384538 
9265.97749785566  0.9311854950662777 
9267.552680167999  0.9246265972059672 
9269.12786248034  0.9221939450194433 
9270.703044792679  0.9332374061292213 
9272.27822710502  0.948951181566353 
9273.85340941736  0.9547257507497428 
9275.4285917297  0.9506339477847314 
9277.00377404204  0.9915763707865893 
9278.57895635438  1.0547482669605432 
9280.15413866672  1.0320032058711246 
9281.72932097906  0.9635869990584176 
9283.3045032914  0.9666622589757123 
9284.87968560374  1.0227520903973177 
9286.45486791608  1.035703554999205 
9288.030050228419  0.9903192853465024 
9289.60523254076  0.960822971198069 
9291.1804148531  0.9640550930838759 
9292.75559716544  1.005155899573971 
9294.33077947778  1.0566993114753314 
9295.90596179012  1.0841390258000645 
9297.48114410246  1.0986243428866365 
9299.0563264148  1.122527229679962 
9300.63150872714  1.1324146588986816 
9302.20669103948  1.0945158397459176 
9303.78187335182  1.0306184642052663 
9305.35705566416  1.0182685408332404 
